50 100
32.134 -205.344 5.00374 -62.5186 116.358 -104.632 34.5706 -20.4625 7.68514 24.5054 66.4103 16.2121 -13.9031 79.238 30.6508 -0.963347 39.207 -8.428 153.265 -40.7052 29.9934 34.8816 -41.9476 -62.0596 -16.6207 58.8954 15.1485 -1.70729 8.78024 20.0973 -136.908 -23.1757 46.3259 43.4822 -28.0899 -38.9249 -31.0303 23.219 92.762 -4.16038 -17.6879 28.5352 74.9888 25.0082 12.2001 -21.3477 -8.19869 -19.0799 22.4736 560.322
26.2415 7.1449 33.7932 -62.5172 8.73213 -14.7138 29.5892 -29.6655 -17.1941 39.2436 -137.364 50.1861 666.908 7.26544 16.8006 64.1918 -6.2026 6.64923 -21.336 0.15157 23.9876 -52.6753 150.275 102.058 -25.9936 -549.411 -99.4202 55.5484 -18.512 16.1027 -11.0212 0.191673 -28.0841 106.298 23.3042 -20.6593 28.7853 131.598 -36.5169 246.491 -64.603 -109.776 -28.6128 62.7923 9.32526 -116.996 28.2559 -65.664 27.2109 10.1484
25.6462 -101.811 41.2728 -16.5565 48.7501 214.645 -2.02738 42.8009 -35.5828 199.174 21.7592 -77.9098 -325.29 -6.61295 35.6768 25.0382 -11.8424 46.6791 -51.32 1881.86 84.0566 12.4777 -24.7462 21.5121 -352.142 -36.9309 -0.907173 17.8291 -26.0065 -175.148 865.257 3.55347 163.512 155.498 -46.2161 -8.59722 15.2143 -31.8935 -36.0338 26.6918 26.5062 -34.3844 6.69158 54.2246 265.897 35.6764 -24.2386 -108.1 -6.82636 2.7615
1.78415 -10.8167 -28.683 93.7763 7.89429 12.3712 -30.8072 -40.1821 -0.336873 26.9817 3.73176 -25.8158 -83.93 316.283 29.0288 54.3834 43.3572 29.6596 -8.1766 59920.3 247.743 25.1374 28.2766 13.1854 18.3256 22.0462 -32.0777 12.6743 -27.9824 -51.3832 -1.80244 -3.0939 -2.13363 19.7574 -37.0249 -51.2443 25.0674 -65.3496 -37.0235 40.161 -38.4951 3.13261 5.4733 31.1363 1.11431 4.71978 5.35429 -39.375 52.2143 43.2494
-92.387 -62.4537 54.0902 10.5049 -3.8873 22.7693 14.4433 122.535 25.8955 24.768 -125.087 -15.9321 -9.80177 -8394.08 193.73 -12.7887 222.282 456.064 11.9077 -7.19403 -35.5933 -34.9888 266.099 8.11331 -17.1288 2.51145 69.5495 -29.4279 -61.8758 56.3142 -16.0748 7.59323 31.8456 -165.255 48.279 -0.997915 300.866 -11.0809 40.8421 -56.574 -18.64 868.251 -34.7331 -193.718 -23.3913 -10.9499 32.5091 -198.452 20.8171 -61.3397
-1.05166 -24.9307 45.3495 -36.1924 -13.7864 -40.1526 -58.267 -15.5223 26.0979 -21.8164 -9.35412 -48.9973 -18.4756 66.0148 73.7256 -22.5141 14.2715 15.8648 75.2861 -577.392 -26.707 -167.367 4.10469 -9.46915 -12.1104 73.126 7.29376 -2.39433 0.236082 -13.7267 -158.82 56.4811 -38.6974 27.506 -28.3264 -34.4174 57.4491 -47.0326 43.4428 2.76186 22.511 -8.42497 100.465 -29.455 22.4795 84.7274 25.5227 26.3187 -20.2803 35.5418
30.6645 48.6024 -51.4595 -14.9821 1346.79 24.6227 -7.97934 -10.7754 79.4746 91.1999 -48.3115 -53.442 -7289.26 39.6415 -32.9853 -1.48558 34.5805 14.5731 7.21963 -31.0496 -2.31277 -89.9222 6571.52 -35.3803 -4.06646 31.3496 -34.3797 -8.68935 148.473 -18.0117 20.0899 -15.0615 25.9667 16.4858 -22.1456 -16.5247 -40.5938 10.7132 -55.4805 -0.488631 -53.8979 17.5016 -58.7307 -2.31171 30.6705 -1.05666 -738.949 39.8073 384.044 -157.031
25.4519 -10.1221 2.23305 -13.0556 9.46145 -35.0479 17.9448 83.3174 29.2666 78.3638 -130.756 -25.0687 -40.2389 -37.8142 -23.857 22.3441 -8.80911 -23.221 -13.6598 4.53987 70.2876 35.4874 -20.1468 39.9684 -0.479119 29.3665 3.38413 -25.8699 29.0628 -36.5046 -21.0257 -16.3937 -19.5353 34.2897 -9.46152 32.5708 39.713 -14.5157 -49.5379 71.9714 13.5968 169.263 -0.858793 60.5246 0.835493 4.63735 -244.757 9.66113 93.6222 105.343
-28.1552 6.8249 -15.9748 -13.1744 3.39002 -27.3524 -50.9056 -28.1298 13.6208 -12.6996 68.6455 5.2044 -12.3106 18.6474 34.3654 117.103 -21.8989 -5.00597 0.0666134 -18.5444 -84.1937 25.8303 -34.2178 -3.05782 -15.6171 -40.5971 40.2124 -40.5143 31.4433 1.53073 56.4064 -15.2794 74.9529 84.3783 32.5794 -34.4646 -572.557 -27.7471 39.1966 -9.21098 -3.83885 -103.473 32.2844 -44.0568 -377.886 0.633313 -171.706 -13.2448 -31.2873 57.2263
6.79747 22.944 -34.4058 71.9083 -96.333 -87.7183 -237.626 17.0378 -18.7926 5.02745 -3.56009 -60.2525 342.233 12.5244 -56.7373 -31.9698 -27.9926 12.8932 -12.0397 -19.0406 54.8549 -79.6467 -161.519 22.825 -309.921 -10.1992 131.635 -41.5988 -12.8333 -32.0303 -60.5167 -74.3973 48.8179 2.626 -16.5859 -39.3412 35.3629 -290.445 109.545 17.4345 19.6765 1.53807 -72.9616 -61.0764 11.7825 126.03 5.72662 -61.6624 50.3899 -13.5948
-14.1842 -43.888 15.1693 1.28433 -63.9299 43.9356 18.2892 -22.0082 61.671 -69.026 26.5732 32.9634 9.52264 0.558556 -7.98092 -185.338 -60.4204 24.5874 -112.038 -24.8954 124.557 47.4555 -61.4456 37.8525 10.1625 8.52211 -36.9881 -38.6928 -68.2801 -222.541 22.3447 175.149 -14.8679 -64.6609 42.2594 -15.3859 -16.0049 11.6552 15.7279 90.7529 -9.67079 11.7456 63.0404 -2.70813 -0.23895 -20.1399 28.8339 275.211 59.408 -2.85674
19.4719 120.801 -16.0666 21.4382 1.13516 81.3618 85.9417 8.83886 -41.3684 21.5444 -185.34 -1060.85 30.3162 219.64 383.235 -23.9613 -34.3677 -1.78066 -117.774 -37.6958 -9.48963 36.391 -288.415 4.04674 149.125 21.9364 -15.3811 -72.4522 -335.471 -8.80632 -17.048 -40.8576 49.8007 1.01646 -44.49 -118.282 -51.1533 119.458 42.9578 35.5861 -58.0308 305.956 -73.2154 68.4523 219.89 7.91404 -26.9347 -82.9037 -189.401 5538.08
14.4891 -86.3242 -22.6458 -46.2425 -10.4824 -1.75886 48.8541 -16.5372 -7.38454 26.5927 15.3489 51.7004 -24.1856 -12.1389 4.7438 -463.541 -228.169 -7.4552 -26.9142 60.1113 -10.098 -111.195 26.576 12.7511 76.5121 14.7844 14.5295 -11.1597 20.7411 -38.1647 -5.55388 4.65009 -59.0824 56.626 73.4857 -25.5405 -15.0147 -14.0343 2.7643 21.5985 -135.54 165.898 28.2952 28.7057 -63.5209 -20.1819 30.1343 134.295 128.852 -20.1694
-0.315207 -45.036 -3.33127 -72.4927 38.072 53.0777 24.2679 56.508 -56.0506 -17.749 -11.4175 23.6869 24.3353 -78.4827 5.21297 -42.3912 11.0339 2.00611 -51.3038 306.922 -55.8812 6.71736 -288.046 -30.8576 14.1948 -57.9467 -0.470675 6.52062 34.9007 -38.0874 47.0497 -30.5154 -84.3845 -85.8376 27.8734 75.6813 -31.8039 -53.6263 -27.4821 -2.86298 -1.97587 51.9895 123.452 34.2901 -88.9533 234.487 -17.854 30.0844 10.9606 31.8846
-33.5626 -53.9914 17.0862 42.7935 28.6824 -51.0357 15.0412 -89.0538 68.1347 -289.926 1.65486 -59.8762 -45.3511 -40.2803 161.023 34.2673 137.599 11.1389 -153.66 11.0498 -10.2039 -28.9284 -27.6709 -27.4282 35.067 33.2729 -4.65716 -6.4932 16.7177 -31.1718 -9.47575 -22.5734 -9.25272 -40.9685 19.1955 -27.3002 812.929 -19.8561 -18.5207 77.6509 30.5097 -11.1604 -38.4333 -0.386085 -1.52341 30.0598 40.8395 25.2728 43.8489 10.1271
-1.02478 30.7789 44.6675 -17.2535 -8.37398 15.658 8.48747 467.593 -12.3597 17.8012 616.457 -9.86999 41.5584 -2.82735 17.251 -6.78857 -49.0335 0.308251 -80.0985 -84.6266 -407.372 75.2761 -0.148399 -37.1991 34.449 -11.2528 -14.0033 -0.173655 -23.4652 -29.4641 -18.1274 130.526 -89.7037 2.3145 -38.7476 -3.54073 -0.682288 -18.6364 -39.7357 100.217 112.801 120.995 26.7471 4.36626 90.8465 30.7481 -31.6496 -0.681284 -5.80818 -86.3195
973.316 -32.3471 65.6235 1.45478 3.59616 16.0917 -46.2169 33.5128 8.37004 20.8056 -0.465003 -70.3441 261.494 -93.7018 161.647 31.6268 241.689 -34.4702 -9.13726 115.958 -23.3665 22.3775 -49.1101 14.9535 -20.0154 95.4665 42.617 -37.706 30.6072 25.5161 33.0783 54.9237 -116.319 -7.11016 292.167 2.07591 31.8105 -106.854 -85.0579 -34.4071 17.7965 -28.5639 19.4017 -21.3767 -41.2217 -15.4229 7.25999 32.5143 5.79528 -227.292
-17.0379 -25.5104 -21.406 4.70859 281.936 -49.921 -43.887 -5.18791 24.0135 -13.3861 17.2212 1457.13 -23.0049 -32.2038 -28.342 38.3263 352.61 96.8142 28.0972 -85.2912 14.2732 19.5055 509.181 31.0785 -0.615061 13.2094 -3.0239 87.745 -4.84459 71.9156 17.4943 181.734 5.33719 -2.23966 29.6429 -26.8349 13.1846 17.3281 -99.8963 97.558 27.9854 -11.9713 21.7634 34.7851 -267.27 32.9085 15.387 72.8802 61.7586 -6.73088
-13.6963 43.3313 440.103 21.6584 72.1781 53.1307 -82.5745 83.1852 -3.42918 -0.22031 22.5644 176.984 -0.430345 41.6993 -149.8 10.7463 20.2746 23.4026 -355.732 313.538 -74.7621 422.161 -36.0336 12.3504 10.7095 15.7208 127.531 20.8891 -41.9331 8.853 70.5688 -65.0865 -46.5266 -23.7574 -31.0157 -43.0558 -76.9232 13.5782 -3.4302 26.9117 -19.2583 26.7603 -193.57 18.6313 -9.61401 97.0367 -0.199641 42.3129 -3.17742 -152.998
38.3039 -156.857 -53.063 23.6946 8.80327 46.949 -0.199184 -72.4224 103.361 -97.3724 3374.06 363.425 -23.5139 49.8445 53.0252 0.994413 23.1761 23.2648 18.3283 153.246 64.4249 391.507 -39.1497 2.54428 -5.09589 -4.74595 99.0481 32.6012 49.4818 -40.2919 42.0831 55.4935 -2.47763 16.1483 -50.3844 -46.9231 1.8257 4.74279 -7.26311 -1129.13 -51.5056 29.5869 24.8298 -17.6382 -33.1673 25.6363 59.3934 -75.3435 -2.70214 18.37
22.0967 -1.51887 -54.7195 -8.65585 -57.6384 22.8506 9.97878 9.74699 59.0608 -0.0036201 1.72147 -32.5348 9.24361 32.0485 -75.4714 -51.778 14.4211 1.88872 -2.78786 16.3176 21.6251 34.4049 3.67198 29.407 -59.5515 -10.5683 -64.2657 58.7167 -14.9555 -7.97285 14.8744 -1918.27 356.953 259.002 4.89795 34.3581 -17.2725 -41.8344 8.23523 34.6582 6.7771 -21.6389 -12.2217 18.1244 25.1133 -10.7118 102.169 -36.4892 37.804 31.3646
-44.7298 271.486 -72.3459 29.388 40.0593 -314.928 32.5633 50.3676 -4.56888 24.1996 37.8916 -55.0108 -66.0047 25.1547 92.4891 -34.8947 -2.76253 -30.6817 30.1936 39.0646 -129.252 -53.0627 33.1524 -84.4406 6.15713 -79.4425 -50.6316 -10.3411 29.4503 4.74986 51.9195 -39.8967 -11.9081 5.24802 -12.9198 43.0979 774.212 18.0228 14.2668 -203.314 18.2602 150.913 93.9157 -79.9763 -52.5185 211.996 25.453 31.3568 18.5309 1.03461
26.6036 66.9232 -74.5915 0.694871 8.4703 -69.3039 -3.7733 9.80769 -23.2849 338.719 -23.8142 32.4468 -26.1184 -37.5506 -576.934 1028.53 -7.43853 -66.4943 103.087 52.4955 -3.80215 -26.253 25.5739 147.281 25.5687 -13.1852 -12.5186 -12.482 4.5427 30.8878 -20.7117 -16.0516 17.3939 12.3296 108.336 36.7714 -14.3044 711.854 -427.073 1.29881 -52.7946 -28.4626 11.447 -62.1098 52.1549 -33.3086 13.7564 60.2645 1636.89 588.341
-5.97744 23.7333 -7.52204 67.0143 14.5157 23.2556 -53.5584 22.8244 31.0297 -9.16667 19.5043 44.1196 70.6238 13.4493 923.977 19.1208 8.90431 -7.26409 58.1374 11.0478 -23.3608 30.8186 9.13195 89.9066 -50.8115 -10.8527 -3.92127 -15.0079 -13.8631 -29.714 -45.2738 22.7619 170.944 -299.715 25.492 -120.662 -16.8405 -31.4855 -36.5209 24.2961 34.4712 -85.0926 -8.04325 25.1853 11.6641 -38.9843 13.6915 -111.264 -48.4089 -553.9
-31.7298 -22.2582 57.6764 32.1174 -9.07613 -717.544 -75.3541 189.119 23.5184 -29.0582 -21.2834 -25.6587 -2081.77 21.8938 -29.6569 -30.2698 -126.798 -3.79081 -85.3601 34.174 27.0493 30.9609 33.6564 -10.8586 -26.3017 58.3373 -3746.5 18.9406 15.4377 20.6214 48.8189 57.961 -1102.75 43.9477 -1175.82 9.99571 6.41068 6.64572 -1161.08 0.391802 49.9244 -54.4146 434.354 18.497 -24.0218 -10.0543 15.8466 -20.1848 -32.0977 6.0499
4.43961 -57.2658 33.2738 -19.9889 96.8053 16.445 -11.8557 -45.0688 -7.06825 -12.2597 -1.04479 -11.6543 -138.298 -10.9621 15.6418 -29.5102 -25.3074 -45.7945 -44.9432 -31.4789 -32.193 279.437 -30.5005 178.569 1.12025 -68.7657 9.15552 92.9974 -19.2643 9.4603 -31.5869 10.6117 16.0841 -10.9127 -5.49901 -36.6948 -7.0453 3.11024 -7.70537 -191.066 -14.9868 -2374.82 -60.4359 40.7583 -50.5081 -102.619 -63.5501 42.7571 -26.0024 24.0634
-3.20987 -18.1138 213.886 -11.3593 -66.5853 393.236 -8.38463 82.6644 -32.2011 -84.3976 67.3741 28.9454 -230.076 -83.2882 -47.5114 16.7054 -17.6036 -45.5129 45.3426 24.4573 38.5809 -99.6244 6.32961 -1.12735 -266.921 -19.5243 -0.0203719 29.5607 39.5042 12.6126 347.396 -63.1444 11.7208 33.7139 344.031 56.9658 111.079 -36.2505 64.9035 -45.5138 15.5685 -13.3116 139.878 9.08652 -98.7061 22.737 -26.1875 9.97709 -51.462 18.7204
19.4585 403.729 -42.27 -44.4655 -56.6655 9.72249 -16.148 32.8886 24.0815 -75.2331 -4.66294 -18.885 80.2301 142.111 -172.572 201.637 51.1136 -28.2419 23.7188 -75.9582 -20.5532 20.3365 -105.084 19.2234 62.537 -103.139 -23.8261 -41.0757 -30.2246 -4.72609 49.604 258.505 24.3477 -7.29194 51.184 -41.0273 -31.8109 -22.9029 -23.29 -16.6332 25.9936 -21.8225 -15.2154 -11782 21.3237 -11.0529 15.1343 457.932 38.4002 365.004
31.4818 10.1943 135.789 -64.3241 20.7166 25.0281 -26.0184 27.5584 23.3149 -0.277127 7.54681 20.7658 -53.9516 10.3598 -117.88 27.2338 34.733 -218.074 0.88266 -1.18521 -2.74228 708.529 22.526 -53.9824 32.1773 -14.2538 -30.7113 60.425 44.311 -5.40354 65.6141 121.04 65.4213 5.41553 -27.1249 -178.608 12.216 -17.0167 8.08761 -27.3724 5.76741 14.6297 -29.1352 1.05643 -66.332 -214.447 38.8789 9.17765 -6.3094 19.5772
5.71559 28.6855 20.9989 10.3038 -8.22143 -5.26872 0.206832 -310.634 108.82 1.36057 -3.53591 -14.5424 30.1774 29.9495 -4.60787 -28.0861 -56.566 -99.4959 -25.6157 84.136 -65.279 53.2192 -12.3888 28.607 -34.9819 -17.4904 37.594 -4.70236 24.1681 -30.088 12.7879 72.7134 -100.343 15.1971 -154.291 -31.6222 -61.521 -40.5142 -22.0997 -27.6826 28.8075 -29.4388 24.0087 -19.2674 -0.54307 -110.504 -97.2837 -7.1508 51.9836 -21.3213
-42.3147 -41.2044 20.5727 -47.8288 -31.1884 -27.14 129.988 66.9173 37.0784 -45.4986 -4.73793 11.0716 -55.1531 -108.693 -29.2306 22.4273 -154.429 138.638 -22.4384 -42.3007 -22.971 143.176 -133.071 -18.5018 -25.8911 -4.28805 -4.49689 27.2695 33.6445 1.28854 -59.4043 14.2896 -28.6744 49.1794 -22.4988 -12.8513 -25.8402 30.3243 -7.86952 16.792 15.8053 -32.0603 -26.8167 -21.4875 6.91398 -22.5154 -234.278 32.2825 2.72566 20.2067
-3.65621 27.517 14.5515 -42.826 11.8887 1.34334 22.6017 -15.2763 -15.6374 -28.663 -58.3862 -5.50141 -871.886 -39.1494 21.0176 2.48132 12.4801 -68.6997 -34.2744 -293.084 -32.1093 -18.9304 -137.881 -25.4974 -24.0335 -31.4113 30.8137 -16.1581 31.7355 -0.78189 -66.7933 -10.379 -108.673 23.6327 -61.6762 9.05488 -29.8831 36.5011 33.2774 19.6954 -16.2017 -14.1869 1119.74 -25.4537 -25.8286 -20.14 -2.82931 -35.3395 55.0875 -289.148
-61.1451 29.4426 5.25521 297.202 -22.3956 1.18933 -28.8404 10.2889 87.4285 45.1283 -23.9789 35.769 -56.19 -41.0363 -24.6186 54.2109 325.62 -158.792 23.318 -275.669 16.1351 -22.0523 12.3858 56.1711 79.212 36.9769 -38.1104 -19.2022 -22.42 32.6212 23.723 20.5841 -274.9 -83.8671 98.8805 103.371 150.232 -66.5394 -37.3185 16.792 25.3839 -30.0681 -23.8959 13.9935 -32.0319 61.9627 36.3803 -24.2876 70.5422 9.629
13.2941 283.41 -33.4698 -38.4078 26.0891 -4.65123 -26.0498 -52.4086 -320.959 69.5588 -42.2292 24.8578 41.4555 34.7336 -699.484 265.22 25.3616 -27.8657 52.2849 46.419 -28.5486 -16.7642 61.7643 34.9249 -5.14931 37.4093 -40.7936 1.40366 4.04464 -6.41252 27.814 304.363 -10.9617 157.513 -80.42 -28.06 -3.58048 -5.14574 41.7225 29.8999 -84.6265 -0.410817 -88.2355 739.661 3.66966 12.4716 2.29505 2.77841 52.166 45.4704
207.978 193.134 -26.1222 37.3724 -41.5789 454.793 -13.9758 152.939 76.5291 -85.1629 6.42336 -59.887 112.156 7.09249 1.04724 55.96 12.806 -41.0888 38.5746 -25.9371 4.71288 -85.5983 -38.1676 22.7743 3.19051 8.55448 11.2464 -48.1941 -30.5031 -59.0801 -19.0019 -89.3123 -111.824 -30.576 597.26 -100.548 -4.73623 -160 207.648 16.8773 -4.53491 -23.0425 2.37724 -41.8701 86.0876 24.517 -18.9764 1.67608 13.163 203.094
-7.67514 -41.0488 -40.5383 -79.3324 10.4874 17.8658 30.7121 62.5623 23.5886 -19.8217 -1348.07 5.13389 -12.896 -30.9329 -1241.08 32.7799 40.5086 1.4179 -10.972 23.0629 -402.639 -152.789 -57.1242 -61.3739 2.63502 41.9991 -675.616 475.691 -16.5846 -32.8837 -40.004 8.85034 -103.11 30.6132 -20.4704 -70.8903 24.6543 22.6267 -2.6025 -16.7926 37.1113 -26.0758 15.7393 -4.40733 27.4462 48.3091 12.0982 17.7115 -15.5538 155.937
-51.5446 -14.6659 -18.724 -11.3146 65.6854 -34.8912 -43.2164 -27.6522 -16.6389 -22.9551 17.7939 -14.6134 -0.942486 42.4583 334.349 13.2816 -75.4272 -37.7607 88.6637 -14.8543 16.5157 -13.2378 16.5478 -1717.61 -35.2914 23.6139 -33.1158 -42.4918 38.9177 -8.47535 -17.0246 -69.7516 -3.44538 -205.083 -9.4783 -39.0445 358.917 -10.7956 -39.0928 12.8998 -83.2198 -12.4519 -13.4067 44.5672 17.6009 -53.0153 -192.688 -5.74567 85.796 66.0972
79.5525 62.2289 -15.1585 16.2499 -7197.37 9.04423 -288.81 -150.522 -56.9684 -40.1134 35.4002 -31.8754 29.5427 132.533 -14.1773 23.1086 -91.5577 40.2689 -81.561 -2.78256 -33.3367 -69.3227 -319.191 14.6238 252.206 5.65342 -0.622136 47.6967 -60.6472 -22.2519 -19.4267 -28.3779 -83.4971 -25.519 -47.5016 -14.8712 -34.8757 -0.756988 1.59626 12.6608 715.649 -6.34601 0.0166525 -35.2293 50.4658 23.7473 -115.133 29.356 13.3747 -22.1986
107.736 67.1516 -41.5117 63.6749 0.0784416 -3.10184 49.3466 -31.5547 7.63576 23.9543 -3.16282 146.817 27.32 9.03622 -28.1956 -26.1854 25.5905 -59.6974 -41.1112 51.8717 2.9984 -15.5131 370.482 -46.1443 71.9744 -4.4176 17.3674 -28.1792 -104.453 110.919 89.0406 21.1799 28.0496 -27.1792 -9.62002 26.193 24.3065 -17.229 4.74609 9.98437 -105.822 -14.8096 8.2124 11.7781 24.9459 1010.03 -35.1638 21.3895 3.95376 -33.2065
35.5761 -46.8727 -77.0532 47.7618 -131.221 98.1449 9.405 27.1835 43.4483 84.645 94.9676 69.3427 70.7351 53.7182 -262.214 30.8037 7.96374 -39.8725 -24.7529 24.0105 17.4946 48.1936 -41.6109 13.199 38.2022 -28.6717 -27.0849 -41.6701 -104.99 -3.4848 188.642 27.0767 22.2972 42.7974 -1.94205 -18.4846 8.92215 35.6732 -78.918 -19.9517 220.816 26.5708 -68.028 -53.7017 9.07367 -37.6419 -29.231 -56.8266 38.7558 -15.0033
-36.7893 14.282 -20.3597 41.8968 -74.0566 -30.1156 -11.9701 101.66 115.309 -27.3049 72.1905 -11.2191 -98.4843 -4.49124 -84.2091 176.635 -12.535 7.87291 50.8316 27.8596 -38.1173 20.3625 49.6604 -46.5493 15.1028 -194.356 32.0208 17.6085 -77.4534 -591.873 -21.0287 -44.6223 49.97 -67.4903 5.65568 -90.4038 -37.6842 32.2208 5.69278 -131.82 2.90682 11.8451 32.2326 59.403 -65.977 -26.1761 23.688 24.7281 -44.2783 71.6577
27.0062 47.4598 169.819 -260.098 73.5818 52.4916 2.36796 -54.7651 114.597 39.7851 974.786 -0.497278 23.3615 -137.975 -148.959 -3.53212 -46.1787 1.26315 104.776 63.602 -9.49028 -13.659 2.99886 -36.2246 -388.462 -2.03133 16.7955 21.8116 -37.0468 -52.5405 -37.4631 28.7087 0.381738 15.4968 -0.337399 33.0082 -408.315 10.2482 26.0963 -67.5082 41.832 32.5558 -56.1287 -11.2258 -15.1395 -33.2386 94.0399 3.36577 -9.04748 -110.297
-155.452 -10.9221 28.432 27.9144 3.88461 -201.608 55.2949 120.098 -111.776 7.90967 43.5224 12.9981 18.0157 -50.6499 6.37793 42.5196 23.2351 17.4019 17.2873 4.10569 5.55185 85.471 -12.3633 121.791 -17.6619 4.60636 442.132 16.6276 20.5023 31.6909 -172.413 25.7312 13.9887 102.498 51.0183 2.44908 34.7431 27.6514 54.6281 28.5635 -27.5828 -244.774 68.067 -151.456 -40.831 36.1262 31.9328 -11.8011 -38.487 14.0293
18.9921 89.6179 -21.2112 173.747 16.8559 0.791116 -83.8307 34.7824 -3.05906 -31.1393 51.4472 -45.5159 -45.3434 -45.4394 -103.058 -22.3469 -48.253 -37.4553 31.5698 1.76444 48.4122 -13.4395 -22.441 30.1313 -3.91799 -14.6147 327.79 -29.7609 -32.7357 22.3205 -19.0566 337.946 -27.7557 -43.0242 19.7502 8.9239 -35.192 72.6355 -109.035 -27.3696 -48.7619 28.8178 6.93148 62.1021 -20.0262 278.141 29.7345 -40.712 41.4539 -27.8516
21.8963 -31.8531 -141.438 276.506 -14.8119 52.4236 19.6702 281.407 -57.9363 77.4304 -16.1213 -30.857 41.1028 -21.0737 -90.8361 -2.4428 297.049 30.4187 -23.8896 7.39742 43.1445 -243.176 -7.27471 12.7052 70.0642 60.5432 3.3207 3.93273 6.15206 -29.34 -24.74 11.6623 -229.184 35.1398 -73.2391 19.2112 -10.1023 -3.61346 288.519 -5.04688 -17.2278 82.4368 -67.8304 33.3411 -2.27925 12.4788 16.081 -4.42687 -4.7339 -40.6923
-19.5774 -20.4624 -26.3645 -30.7035 -6.8063 -374.041 -66.9 17.6986 -70.6916 18.8472 71.6249 26.3435 48.0244 25.1388 36.7309 227.092 23.9058 -15.468 -36.0304 65.4149 -474.581 -6.81802 -40.1941 -44.6623 -25.7725 12.0039 -66.5321 27.3561 -43.5741 -414.119 -48.9758 -19.9737 1.00166 6.67034 36.9322 37.1931 16.5598 -50.0981 -79.3332 -13.7468 -14.7437 -2.74612 -31.8068 -3.09133 -13.2675 -36.4233 -222.577 -7.09021 42.9994 4.78119
41.4584 -5.53211 0.422229 13.9642 -43.4829 -37.0496 13.0065 8.75036 -15.2876 -5702.45 -2.84988 942.376 -872.455 -60.4792 -50.2453 -5.88054 -147.284 -54.525 2.62753 -26.3571 -27.8438 -43.5555 18.1525 -0.560837 2151.63 113.785 284.067 35.417 28.7079 36.1609 -41.7491 -5.38442 29.1813 -21.5336 43.7645 1.5154 -9.42818 -31.6381 35.1555 -1.34925 -35.3338 41.698 -30.5481 -55.4566 -23.8084 -5.06073 174.775 19.3865 115.511 14.4666
-33.48 49.6367 22.1112 80.4493 -9.85352 -497.019 3.89086 37.9936 43.5034 54.2083 10.7636 324.675 1.39521 75.1101 -28.9808 -51.3959 97.8081 -24.6003 -25.0294 -29.3399 3186.82 -28.8668 2.49908 -17.3296 180.316 9.06679 -59.8853 -25.5826 -8.70113 -4.90926 -16.4013 -52.8746 29.2699 0.444213 28.9173 -34.7137 36.3337 66.7104 -48.7191 4.80452 -18.1305 0.42739 -17.4218 23.4234 -10.3046 129.125 -4.18121 -21.7648 -90.9778 -3.62158
3.50066 -32.3124 62.9605 -22.5117 -20.4246 -10.7815 -38.6242 141.216 -23.5539 -149.548 220.31 214.545 10.608 -7.8327 -72.6559 -34.7494 56.435 88.7964 -22.0727 -8.51859 -9.25073 9.28638 45.6739 -31.103 18.1096 68.4706 -9.98192 -175.062 -5.45589 18.5723 13.752 57.3891 -46.2894 -126.406 -38.7985 26.4143 -1.37151 -604.143 -127.523 31.9501 -32.3971 44.9846 147.503 15.2694 -15.1453 43.5098 -24.9043 -39.4358 55.7667 -20.0338
-135.762 -151.972 -23.5709 27.3613 5.86285 11.5181 11.3363 27.8724 -20.2749 -5.30271 54.0526 49.6839 -30.3961 50.7931 25.1775 21.7053 -21.4146 35.5399 0.773029 -6.49653 -40.3119 -98.812 87.9554 -295.306 45.9476 50.5075 -36.7183 29.5708 32.4957 -18.4764 7.29357 -78.0759 -14.2461 -131.529 -144.336 -50.3862 -63.8951 4.02774 -2.00836 -66.195 76.8063 61.1284 -30.0463 67.7678 -4.43221 34.3914 -9.95521 58.6138 3.56518 -167.268
-590.548 26.0241 -29.006 -7.06066 -52.4176 50.0564 13.7791 -113.131 -49.2835 51.6775 15.841 -34.2012 25.4671 -24.3737 3.90809 28.1662 25.3958 49.6019 299.242 -33.3452 22.4427 -22.2856 -316.23 -29.7802 -17.1178 -134.927 18.4739 -30.9451 -18.0524 8.88411 -22.3343 -10.0376 116.261 10.0567 -145.306 4.80421 76.8837 -92.6113 -23.2034 -23.1997 -10.5827 -67.4663 -46.5212 16.9827 -28.9103 -22.4268 31.2018 18.0008 -18.3788 10.9657
-22.0248 -55.9345 -55.3092 21.2943 -18.2452 46.2905 0.119673 8.40746 16.2258 -31.838 -2.96351 5.11339 7.56187 -1.36507 23.8533 11.8292 -140.211 -28.2683 6.1372 20.573 13.3391 -7.23874 -15.6064 2.38522 27.5276 22.8358 18.6193 -13.7729 -309.982 -68.6678 -43.1955 21.6815 -65.9591 -48.5907 1.37718 -41.3768 29.4293 -25.0009 274.161 -535.81 1178.97 -39.5435 98.5788 12.8413 34.7484 -3.72992 24.1633 101.495 24.1452 9.06352
-17.5496 156.022 13.0956 24.4688 -4.89561 209.392 -10.975 6.88584 18.3694 21.9858 425.668 -7.42231 -16.1501 21.5029 5.85818 35.9627 -16.5602 -46.7723 55.4477 -170.922 -22.1812 -61.9452 26.9252 -48.4303 32.3535 -37.4217 -10.869 -688.17 9.48897 39.1011 -6.58612 12.5248 2.62548 9.70043 45.4802 -425.594 -37.7824 -1.61385 -37.2268 -24.5755 -876.312 -135.27 -23.2845 -53.4365 -20.6814 -65.5078 -34.8974 -3.03115 68.9392 -26.3181
-13.4077 43.9201 -28.2973 16.4439 -26.7225 926.159 23.8799 -35.3438 -57.005 -15.1828 -38.7344 99.6062 -14.2853 177.262 -20.8588 47.4898 27.8878 24.7653 11.5627 -26.5632 -31.4375 22.4636 -1.64549 24.4814 95.0824 13.6496 10.5945 49.337 -9.17068 -59.4956 17.0144 -6.53258 218.722 -53.9642 805.094 31.4362 25.0899 -38.875 29.9377 6.87342 10.9778 -233.21 74.6379 79.9864 24.5837 -21.3083 20.2532 37.0781 -37.2647 -49.1658
21.8788 -50.6371 -45.1681 34.3714 50.1185 -23.2528 124.021 -23.4611 -21.4015 -59.3028 17.8674 10.8246 -22.1336 10.0497 34.2868 -23.432 -9.6867 41.2699 -25.5646 8.69476 -59.1397 71.7952 -20.1383 -1.94116 17.9084 102.406 -2.23709 -95.5316 -25.2938 14.6993 -248.419 -401.372 -50.2264 -6.94835 -15.6051 10.755 -1.42887 120.435 16.6697 20.7226 14.1961 -37.5036 -36.3268 -48.1146 33.6236 -156.409 -134.254 -16.0233 4.69247 -45.7382
36.2186 -22.9027 -30.4426 -44.3665 -16.6585 -60.8119 144.418 -31.2034 -27.7748 1730.74 -9.05104 -21.0282 -16.3088 11.026 -220.323 -25.4645 63.2781 -8.98175 -28.8272 30.0816 8.17204 -319.365 -11.7393 25.2616 -64.3674 10.4686 8.06051 106.101 -49.2802 -165.184 69.5423 -28.2865 -170.478 -2.6942 42.7902 -26.3066 -73.3011 -35.3322 -64.297 295.201 729.504 30.7746 -0.282653 3248.9 4.9086 0.555422 -82.8752 15.5727 8.98322 42.6753
-152.524 136.043 429.394 -31.9107 -17.2361 -30.6788 12.3986 -208.88 -128.593 -11.9793 16.1079 116.996 46.1105 -15.7152 -54.103 92.0191 -46.8389 13.8922 -25.8301 39.5657 -101.299 33.2629 94.2053 23.4508 4.94486 39.5816 -82.7116 -43.4113 29.2034 5.71903 -29.304 20.5639 -27.5761 104.248 82.2793 -8.7606 -62.5211 55.7254 -2.74649 -158.208 1.62942 50.6573 -162.103 30.9516 33.6832 34.4061 -21.9961 -130.207 126.985 -62.6835
41.7983 24.9302 -116.958 -23.3928 -17.9893 7.59984 41.6452 -17.535 23.4242 23.395 -38.87 -21.503 5.30221 -27.3311 -25.9393 -26.7457 67.7487 -19.4748 -38.3912 -790.092 20.1629 69.0225 22.983 28.8786 13.2164 36.6072 37.0541 -19.7454 14.1992 -18.4652 -51.4822 14.9603 220.128 38.004 -7.07035 -12.8963 4.71805 6.53936 -11.9026 -21.3498 32.8758 -207.744 -11.2788 -31.2093 338.681 44.515 17.7433 -34.465 -21.8648 -28.4326
257.819 -26.7655 -167.722 13.2665 96.7028 -19.7756 217.579 -18.3231 -55.5458 -4.61913 -79.4055 -33.1408 -34.7498 -16.9261 -1.39561 21.7169 -639.702 -6.94096 50.329 26.3303 28.7915 47.4055 71.4196 4.10832 -21.5653 -16.2039 -190.172 -5.75267 -14.417 32.9824 231.957 -4.32796 10.611 3.49918 -107.557 -0.840252 11.9635 -20.8759 -51.1355 -65.1288 106.448 -112.018 -49.1601 -50.4317 -70.1414 51.3874 66.1753 15.7926 -120.278 44.5972
205.79 -23.6281 -21.0488 41.6639 56.3557 -20.8399 7.28739 -605.689 -25.0189 1.78396 -22.5155 -10.0482 -0.818005 -13.6959 10.4241 -6.37312 -19.1243 16.7075 -40.6925 20.4154 -91.2281 -9.74824 -35.2026 23.1492 4.38681 29.2075 -32.9869 -48.5016 -21.0972 8.53861 -83.9893 56.7459 -6.82229 -58.8821 -1.12966 -29.8144 -174.142 -104.688 -0.305162 -412.397 -10.671 220.15 -96.0284 -198.422 -247.298 -49.0448 -120.336 -125.77 -74.8679 4.20724
79.0537 18.5231 -7.44743 43.6749 57.8493 148.351 142.368 25.8368 -129.125 -3.25593 11.3741 132.92 54.3373 195.567 -9.72791 27.6713 38.6078 400.468 28.3286 -10.4209 102.094 31.2084 -19.3263 1.79646 -136.797 -5.42985 -65.6216 1.30297 15.4318 -560.664 -30.925 8.50302 -50.6846 6.57826 -23.1659 19.4892 13.4279 -10.756 -6.34808 -6.16596 6.00526 -11.5959 -30.3914 38.8976 -43.402 -36.1456 -2.49249 21.7594 30.1986 -19.4822
37.6515 5.38303 -28.7281 -10.5108 -192.743 -36.0562 11.4501 -60.4474 -56.5898 21.8977 -19.3682 33.6772 38.5963 11.2134 69.634 -137.463 -54.3602 45.492 -30.1206 39.0403 154.077 -9.02717 17.6782 208.816 19.942 19.6288 -8.65813 80.5897 -45.1799 29.2803 15.324 25.6293 -29.6759 125.069 -36.8551 -11374 81.4921 -14.2433 -32.2416 -66.6171 -6.19904 -1643.56 -8.06563 28.1682 133.589 -122.325 5.34586 112.089 -18.9513 26.9121
3.99372 27.9661 -8.62829 -110.116 -2.50307 14.6727 -18.9712 -25.5779 78.4634 30.9705 -159.161 -34.8643 1.06036 -71.6481 -21.948 38.8905 -15.9066 40.3841 5.3112 26.925 -13.725 -14.9817 37.2806 -4.19 15.6205 -26.2738 29.2279 -99.4887 -37.3207 20.2508 5572.92 -66.7375 122.966 30.1618 13.3605 -56.7703 -6.16344 -39.067 10.8924 -13.6251 -6.52945 -106.184 35.2163 -21.6813 18.0025 108.73 84.2348 -27.7207 -17.232 45.9118
17.3159 169.206 3728.94 3.45462 14.9966 31.2362 3.38218 93.9594 -7.9378 45.1999 37.5693 28.0619 -28.0705 9.17865 518.81 -37.9031 37.1102 -76.0135 35.8857 -16.6541 56.3275 579.88 -10.7632 17.1642 18.3122 10.9396 9.52406 -359.101 66.3724 12.2587 6.65641 -27.8783 -23.5012 29.1276 25.1485 -34.2168 -592.141 -346.992 20.2791 -66.883 76.3559 -19.5322 -29.0492 2.45534 28.1891 30.0856 -10.532 -11.3093 -30.473 -41.2567
-18.5271 5.19337 49.5004 13.7325 -0.838423 -121.295 43.8098 31.0558 116.269 -127.348 5.12953 -21.0777 51.9787 21.3996 -3.63322 28.9412 -14.1737 -26.3879 30.0859 1.39654 -14.5739 26.8457 19.414 145.624 -175.191 45.8058 -48.0893 -771.913 37.641 35.8601 32.553 24.6335 255.856 -31.478 53.3297 -27.8152 -31.7295 25.9885 67.714 327.946 -29.5711 -42.4968 -39.5006 -29.4852 15.3102 -2.63746 -64.3631 -140.737 -57.8745 -5.94836
-36.3464 18.8504 -12.8908 -24.6467 92.0378 -107.553 151.176 -31.6294 -16.5613 -18.1228 -33.8187 29.4348 69.8352 -17.1685 76.7722 -1.44899 -19.3834 -0.302485 48.6856 -1597.96 10.0098 25.5957 0.103902 -28.9645 20.4224 28.4674 -51.3465 209.819 -29.9102 -41.1019 19.6226 99.9882 -7.07278 19.7008 -91.7058 28.3186 -201.686 15.2107 -1.96643 -8.78783 72.1857 446.113 205.888 48.3882 -149.126 115.369 -12.9234 -63.1395 -25.8089 -40.964
29.3729 -308.004 49.282 -27.0827 13.9017 -545.908 -64.6471 -36.2658 27.1171 -36.4878 -19.7332 7.80398 -126.861 37.089 -1.12387 21.1038 -42.9095 198.094 -13.8587 52.4562 -26.6456 19.7341 -23.4877 113.612 93.2118 30.8118 -28.4916 17.3644 -44.0058 -32.5749 7.07928 59.7899 -11.4492 -6.63815 -26.2562 -1.51031 -19.5985 -1.82897 107.556 -33.4287 23.6688 20.6543 -31.1454 23.9318 -71.2408 -32.0236 -41.2703 -47.8105 -20.1877 111.557
27.2007 22.0599 61.848 33.6834 30.7823 43.7323 131.269 -381.485 -48.1066 27.1249 19.3781 -4556.56 -0.21873 52.9752 29.5336 16.6541 -173.478 59.236 0.577698 -21.8443 -32.8776 127.921 117.241 23.7838 58.5042 -11.192 4.25613 2.13286 3.3279 59.2041 -242.366 1532.03 -3.75427 -141.705 13.7497 25.2319 47.6736 -2.53012 38.358 14.5999 -31.1122 -46.5966 27.4664 72.3967 -44.4213 29.2698 -33.2917 -52.7028 -513 28.7936
-550.653 -2.88716 342.181 0.98953 32.7092 9.77399 -33.6838 57.0758 31.647 -26.8573 -227.862 125.218 37.5105 30.5196 72.4085 -35.7543 -10.8661 -7.43421 16.5803 -81.8166 -13.6803 -63.2 9.41943 69.1238 -3.71281 -25.6219 -6.97793 26.2608 -99.6689 -50.6017 -11.3216 -19.9801 -28.9694 -17.9182 371.11 23.8556 44.9583 93.3356 3.29571 -67.1526 -67.1022 -48.3847 -171.477 -38.29 4.06503 37.7591 -23.4567 -201.302 -128.365 -19.5742
22.4849 -23.9971 -8.31469 -12.0819 4.67731 -0.710648 -83.777 17.4444 35.4592 0.783196 16.3446 75.253 -7.47422 -18.0031 -14.4004 10.2421 -55.5484 39.1583 30.2764 -15.4087 -14.313 -20.1097 -19.1447 20.7007 -14.5291 -17.9091 34.8017 25.5872 26.0442 27.1752 -18.5456 26.3005 -15.528 -30.0119 34.3377 1.32624 -12.8642 -20.0672 -23.4459 -50.4579 -24.1458 -19.4904 -36.2877 -20.4966 -55.6357 0.0300806 -12.0319 -15.4025 16.7029 103.889
-28.3818 -22.9407 -282.963 6.64081 19.3177 83.464 21.85 -12.1445 -124.839 -83.0362 -10283.8 79.4178 20.4364 15.1024 0.976797 -5.02889 -60.8921 -1.18044 -22.8981 103.362 -26.0836 -5.56968 -105.173 7.96242 45.1955 26.6288 65.9629 49.0052 6.01008 38.4059 2.29308 -4.08207 23.6188 19.8768 16.0085 30.4239 22.5149 -75.7268 3.27962 32.3118 -79.0947 -12.9943 1.98829 89.6157 15.7442 92.396 -10.2764 -209.417 -161.003 -43.0659
-25.696 18.6671 39.8217 -46.1538 -24.7576 28.5367 218.292 -4.81439 27.7782 -38.4787 31.9948 -60.6925 -112.224 128.745 26.6863 21.6314 -43.3968 -15.6703 -16.9308 -6.22911 -24.0549 -41.3087 61.4197 25.4799 -31.4179 -6.79906 -61.9025 22.9494 5.96532 223220 28.1696 40.9306 34.3635 28.0839 32.8241 -157.761 13.4389 65.1478 38.6121 142.655 -32.2797 1.59226 38.0937 -14.8513 32.7903 -134.912 32.9656 -71.2095 -3965.99 10.4829
36.2536 12.0176 -14.5257 -32.0045 -3.74844 5.3116 -21.733 -52.99 -17.8441 908.742 7.47002 -12.312 35.0034 -35.8811 20.8563 3.1137 35.1122 13.1661 17.3905 1.24457 23.1496 1.46868 -14.4573 -26.7548 36.1437 56.4265 -62.7911 0.691666 -10.4611 -499.054 20.373 18.5889 -21.4062 13.7005 59.9567 216.221 -15.2732 -18.1757 -107.208 -51.5396 -23019.2 56.9199 159.535 0.200094 -3486.06 220.864 -2.13387 1448.07 39.1822 59.2994
-9.63952 -5.43757 21.8997 -8.94912 -82.4571 51.1188 -9.8896 -23.1065 -60.0655 24.9688 15.3378 -11.9005 99.1218 10.026 34.7946 -13.7308 -20.4155 -21.4608 405.156 -12.0546 -44.9876 38.1959 28.3646 38.868 39.3014 14.9557 17.8352 -14.8068 4.09925 12.8478 -52.059 -54.5043 -8.51454 59.3883 -75.2153 -10.0815 33.9038 -47.3909 26.5373 -10.3419 22.744 -12.4545 -35.1363 34.3235 64.5067 -40.399 35.6477 29.4914 20.0092 31.5354
21.8023 -5.52458 18.1158 -2.28158 -17.4328 -1.48039 37.1326 918.295 22.1538 5.346 45.6627 33.0512 34.4644 -23.9776 -146.586 -54.2894 -20.8751 -160.93 8.38097 28.8552 44.0737 0.42424 -9.4475 -53.3004 -28.2668 13.6459 -117.217 29.4773 24.0855 -18.4595 -0.23218 121.532 30.2457 62.0598 -40.4856 6.11732 -26.249 51.5612 -29.8597 11.589 -0.698414 5.11633 25.5673 -109.535 -16.6435 -51.5507 -23.2293 8.68569 -273.762 -80.8016
-79.1181 -13.2698 -31.5375 -27.4547 -11.2797 10.4853 -39.5349 -6.14236 -1987.34 -4.92612 19.4462 196.072 22.83 40.5998 -39.9312 -34.0202 54.0926 -39.4461 3.19135 -34.8541 12.5837 -161.531 -32.4717 34.6103 -10.2849 81.5218 22.1604 1.61426 -2.48322 -3.95238 -132.817 37.7045 -48.1156 126.553 14.1061 -17.809 -3.67979 4.1975 11.481 -6.51489 411.271 -2.97162 7.2309 -9.41336 24.6356 -180.484 -140.28 -76.6317 22.909 -3.31832
-22.0115 1.48356 -4192.33 -18.4298 -5.75052 -25.3249 -11.8185 -51.6438 -30.2116 29.7665 -0.530436 -7.15291 -10.2523 13.2389 -57.3718 8.27332 -4.8535 14.8602 -46.4445 58.2712 54.3974 28.179 -1.41692 -48.5937 11.1451 33.121 -230.867 28.0052 -154.098 -1530.64 3.92413 -59.4354 6.2536 -6.61697 42.2614 89.2252 36.3767 -23.8721 -18.8817 -31.0891 -7.26066 -15.4815 -49.9879 18.9408 108.453 -38.4488 28.8883 169.293 -45.548 -311.992
111.9 48.5496 -4.63604 -28.7777 72.1947 86.3147 -37.504 -29.8724 -20.3348 73.2892 -119.411 29.6814 24.6425 8.22607 -41.152 25.8115 -37.9525 -46.8645 -3.8166 -125.887 -41.2125 18.799 -155.87 76.7768 39.8775 -27.9538 11.7378 -21.1481 15.4192 20.145 10.2372 -31.8399 540.732 35.9506 -52.2555 -11.3028 -3067.17 45.1142 -33.9252 -41.2465 19.8267 -40.4083 9.65055 -42.0251 42.0596 8.83975 -10.7204 -56.4042 59.7836 -29.3906
-37.307 12.197 50.299 106.995 -32.1424 -406.878 113.587 1.03841 -17.1047 -38.8075 17.9903 145.727 51.0173 26.0534 6.21836 -6.22779 48.0126 -18.7775 -4.12717 24.8889 -15.9544 90.5307 -99.0992 5.6566 -31.5014 -342.48 189.606 -18.6008 -57.9174 -56.4745 -34.6166 42.0539 -20.6983 -1.88437 15.3848 -30.7508 -1.13413 8.43552 5.79832 21.7386 5.44808 94.6854 3.0615 35.8018 129.423 47.7796 15.0261 -30.8473 25.1999 51.2565
-97.3501 1.61224 -15.2806 -23.2524 -11.5309 -1.35813 -3.4716 -37.2865 38.2489 11.3657 9.39313 -36.8939 -142.192 -10.371 10.4362 2578.13 54.7814 -11.407 -15.427 -7.29822 -55.6599 -279.607 -25.9358 -447.207 9.67265 17.9465 -164.475 -39.3052 13.4797 -401.547 -55.9452 -9.7126 -35.2086 42.9266 48.424 27.2619 3.59422 -59.3018 -38.9208 126.286 24.192 -293.956 28.5161 -107.013 -25.9782 -3.43496 -14.4883 -161.463 -21.648 17.1677
-12.8232 -5.5034 -7.82316 65.6764 -245.574 -12.2084 -17.9245 12.9903 -4.23025 90.9513 43.2904 61.4765 -26.4019 -61.583 -76.4385 -5.11346 -8.0153 0.411223 -34.9174 -45.5083 290.287 1828.82 26.1464 36.637 44.5805 120.369 -57.7188 8.33372 54.8988 28.8563 -0.112456 4.26455 318.274 -33.6437 656.563 14.8771 -29.992 20.7038 8.51264 -22.6304 -23.2195 22.8812 -42.6017 32.1015 20.6029 2.27765 -225.314 32.3976 5.57344 -71.3032
68.8573 -32.8777 1.07554 10.9054 22.8148 25.9954 81.224 -7.01125 818.924 -1077.3 196.007 19.1466 6.88704 -46.6872 45.181 334.975 -8.61944 -1.8554 -38.7517 -79.8228 -114.12 -23.5867 -5.2508 -15.94 -7.56367 -21.1075 10.7167 10.8724 -14.1478 -8.64097 -12.5758 -5.31616 4.03172 12.7257 36.6303 50.0364 -26.7788 -4.73352 103.909 33.4136 16.3653 -13.2994 2.04842 -34.619 -32.2264 14.0042 19.8421 -6.71138 -30.3718 231.622
-72.4919 -3.88955 -7.32022 8.7957 -14.6076 16.3514 -32.4943 69.4741 -399.661 41.5322 23.0442 9.17589 32.896 -32.8514 -20.1679 35.5646 3.47117 21.3538 -39.7892 490.784 68.4795 -47.8898 5.4483 14.0625 110.546 44.1001 -33.8613 -326.508 30.5148 -4.07128 -79.7041 -28.9096 -17.8693 127.123 -265.098 -2811.2 35.5456 -30.8096 10.0534 96.9765 -24.224 74.2671 31.3409 -1.29559 -1.93967 -45.3425 -40.3433 25.8725 -11.8756 -24.4133
-32.5571 -83.8842 -30.2826 4.10033 -18.0652 14.6728 -54.8239 -496.335 -0.973952 -6.814 21.8496 -33.418 41.2899 -76.9037 3.41313 504.998 -20.767 -16.0963 -2.85291 21.4942 -48.1751 -25.4756 145.351 -218.942 -121.739 -29.0384 4.24292 -21.8166 -5.01111 -7.07824 126.648 16.6193 -16.6462 24.1296 -8.58118 -31.0842 10.8175 -46.0102 -27.8033 -3.41514 -33.7031 -502.692 21.9272 69.7334 39.5708 228.343 -16.3805 -31.8161 -42.3069 63.4681
23.1092 -47.7863 -29.7989 85.0849 18.2537 43.833 -6.28696 5.79815 42.2302 -36.304 20.3172 -20.4068 20.9248 55.1717 -16.9972 17.0012 124.042 -13.9469 20.897 120.579 -20.0474 -61.7009 -14.3382 -1.47511 73.8227 -20.3716 50.6668 9.36428 -32.3738 36.7004 -111.225 -2.08134 86.6947 106.22 -104.189 -15.997 7.66009 117.852 -33.3722 147.672 35.0572 -24.9927 -178.525 -23.3777 -32.4485 1293.97 -17.4422 -78.2251 -19.3018 -51.2269
30.2504 45.5277 -22.4501 9.20888 121.445 -182.143 74.4654 -38.9415 38.9439 -2859.45 -36.3628 -202.499 23.2323 -25.1175 31.4858 -24.5405 -24.7676 -15.0868 -32.89 46.2612 -6.58162 4.17665 22.73 60.9852 38.0199 4.00782 35.8822 -31.5068 -18.5445 -133.03 112.967 75.8686 -42.6086 169.23 57.3199 14.7973 29.9547 81.2082 -12.5068 17.3695 17.1246 45.47 65.5449 76.0952 20.7738 556.953 22.9517 115.195 4.80711 -35.3532
274.665 38.9495 20.7998 -65.6919 -33.3062 34.553 -18.9631 17.0039 5.89685 -21.1363 38.1847 -131.222 -43.1588 42.226 15.2401 -24.2291 16.5367 -19.3332 29.3587 100.956 -57.3273 25.4895 -52.7053 -16.2939 19.9034 -34.8003 -4.9255 86.384 381.922 -15.3384 -21.3017 -21.6007 -243.409 57.6755 -296.495 45.7436 15.9893 -24.0522 -316.891 -43.4831 7.89789 -874.275 22.6691 13.269 277.463 -4597.56 53.7586 -8.17469 -39.2058 -100.911
-81.5916 28.8887 100.216 -3.49382 -81.0324 69.4734 -3.12084 41.7934 -235.482 -18.3157 -19.3281 -6.31357 235.529 19.6007 -1808.72 27.762 -36.071 396.856 2.21614 -15.7427 -18.3954 6.70414 -25.1259 -44.0492 1.52663 21.6375 6.88614 124.074 -78.8775 -44.5023 13.6697 -172.838 38.9211 37.6179 38.9762 -255.941 93.501 188.878 -37.7328 30.7417 8.99458 -35.1888 -25.966 52.9069 61.1242 49.7024 -26.2846 -86.7965 10.7526 26.2286
15.6988 -12.2986 -31.3437 -22.8384 -17.329 119.354 -14.9411 29.3627 -6.9068 21.712 27.9532 24.1469 17.0382 6.54547 120.256 55.7092 19.7407 14.621 -13.2004 68.0068 112.279 -31.2301 -40.2908 -31.4425 121.955 -198.552 20.6848 88.1112 52.1827 59.8225 -16.932 -57.1076 103.549 156.064 1064.43 -20.4707 82.4549 34.9809 26.3231 -3.68643 16.9748 17.5846 -1.58128 15.0631 -28.6781 -1863.09 -24.3773 -180.335 2.48928 -48.5686
0.0971853 -179.407 13.4991 -23.1484 -1699.58 5.44103 -21.1349 190.648 -85.7095 475.867 -466.341 -28.4207 595.956 -22.0598 -48.2846 70.0465 19.336 -69.1064 38.1147 -91.5369 -29.142 32.4581 41.0207 -4.90056 117.384 221.498 33.4574 -420.577 -0.818893 -48.3388 26.7247 14.8101 -47.957 -11.7597 -8.4538 21.7746 23.9797 37.5846 -11.6783 44.5494 397.531 -19.7396 211.145 69.0657 47.4583 2.70789 -23.0437 -20.6028 11.3563 29.5876
-6.62162 -3.81119 55.5394 139.284 16.7343 -479.322 35.8854 10.9995 148.754 -130.274 34.779 -58.5395 -134.468 -14.3218 -40.7941 32.7396 -28.9944 -4.59033 551.769 -174.82 -46.095 85.4665 8.61928 34.5719 16.1296 -70.5186 -130.617 80.9248 9.68302 -74.481 -2.35948 -55.2327 7.0739 42.2608 140.969 -2.52922 28.5722 -23.435 10.2786 -7.14574 -5.08593 62.8442 -3.93971 -37.681 -415.061 -83.2083 4.27411 -10.4465 18.0139 -18.9816
21.5106 35.4208 -30.6269 32.1165 -39.9632 84.5962 -44.7984 -17.5691 -27.0706 -18.5576 -27.7384 10.567 32.1425 149.217 264.251 -24.149 2.94031 -38.0257 176.502 10.7152 -45.7291 21.0338 -2601.16 -19.0467 146.742 5.97766 19.2981 92.2339 -8.09051 -53.9039 -28.0123 -97.0803 -5.35894 20.7771 48.5959 -63.1251 15.8659 35.6262 52.699 1645.53 -11.1956 16.6331 -60.9066 54.4718 -169.284 16.9132 35.4098 21.6025 44.5836 12.925
44.5905 -0.950531 -13.7306 -26.963 15.5765 -37.562 44.8317 56.1288 -17.2333 -13.152 -17.0325 -46.324 -305.757 18.7012 83.1179 11.212 -20.7621 0.602094 -87.2615 19.6752 -88.2684 942.252 6.07699 -164.727 -186.35 -72.4637 -27.729 15.0984 4.04084 -36.9559 -39.8569 459.12 -47.2321 3033.39 20.1032 -2.08333 -84.6806 -3.52657 -15.2183 -8.73399 62.8941 -34.6138 -52.9708 -129.482 65.6112 -18.212 1.51251 124.671 18.8275 0.870995
14.5018 -99.311 -25.5359 45.2836 -53.5536 -0.0874002 35.9197 -66.3574 -16.4498 38.2995 -30.1363 0.39285 17.6702 21.3336 -16.9003 20.0141 83.5844 657.88 -19.61 61.9253 160.34 2.9279 52.105 -809.341 60.0311 -33.6711 -26.4327 -184.317 -43.3474 897.454 0.609646 37.0738 -44.8089 -45.7027 1006.62 -29.7508 -65.3807 29.1147 24.7497 -20.5756 -24.7554 -0.387902 -40.0412 -6.71159 -320.81 -3.24093 -0.149583 84.1189 8.46733 -20.3878
50.2202 -38.0376 1.97193 -0.124009 -8.38077 -15.2381 18.3454 -7.05006 -0.405513 118.989 -22.0889 28.961 78.2639 46.9536 54.5098 14.5258 -52.0715 -16.2031 -40.6796 -28.6468 -182.869 15.3761 -31.6894 54.0859 -6.61533 -18.8719 -34.9816 81.5556 28.692 -36.4742 82.4457 -15.5544 -2.27648 3.9639 -15.0472 26.4554 -34.079 95.6846 186.321 -13.5217 86.7978 -8.93758 61.1423 -30.2711 15.8488 -80.3567 -46.2575 37.8211 -47.3513 -46.8566
-104.037 12.2525 -77.7958 20.2781 -22.3763 -1735.49 43.5238 -43.9478 -25.4332 -32.8327 30.5197 0.73209 -22.0531 -53.8188 57.2155 -40.1307 66.7138 -11.4362 -7.28306 14.6156 -2.14755 -4.17822 -15.063 12.2511 -44.8239 -17.647 -64.2512 48.2522 31.0069 15.2779 -5.44909 -730.473 19.0777 27.2665 -17.2239 -5470.79 59.2717 54.4463 27.86 -64.4727 22.6895 -44.6326 -44.4855 43.5103 21.4317 -27.1937 9.11933 109.632 331.083 -23.8063
36.5999 4.74844 -31.9561 9.91113 1.28662 -28.4818 -35.9817 -36.5138 -43.745 92.4074 5.17244 3.52624 -17.71 13.3943 22.2849 59.785 -1.26962 -25.6706 -21.4116 -20.6442 154.966 -107.846 39.2836 17.8691 -31.0629 -3.92605 -4.25755 58.6733 1.10055 32.7326 -46.4559 -27.5071 183.59 -35.3355 -87.3952 -20.1622 64.7876 79.7128 6.73005 1314.74 18.7871 8.15104 -15.7363 -3.07002 309.328 -93.6017 104.787 27.3391 134.581 -11.0099
-143.315 4.22163 17.4117 -34.8291 8.43119 37.7393 -22.5871 49.4313 50.4425 25.383 -18.4837 32.3061 29.2779 -34.6873 -53.0652 -450.755 -14.8116 -9.19701 12.982 -28.8642 -1209.27 17.2917 14.6538 24.2058 -47.524 -18.6994 22.1479 -44.1828 12.431 -622.14 3.76656 1482.95 58.1906 31.1472 -30.0831 19.6068 38.0841 10.4064 109.271 26.4914 12.8995 -6.32718 -40.3538 -91.2472 4.37683 17.102 7309.53 68.1966 4868.98 13.6298
-146.278 4.1054 3.4408 -23.7736 -13.2899 26.8047 -42.6028 -64.7169 -168.431 35.4378 32.2414 -21.3984 20.4678 -31.2691 -216.202 43.882 30.1054 426.005 39.2517 186.56 -11.7875 1.55507 -14.8226 -12.891 -16.4706 -11.2389 -500.327 21.3336 42.8177 -41.4184 -12.3558 -26.2568 -7.38529 17.9976 177.609 67.9481 2669.81 -35.8063 4.3742 28.8289 -145.037 -18.846 -28.664 -50.9944 -2.58216 -33.0003 -376.41 -27.2428 27.2796 -20.8405
24.2301 -20.8879 4.61409 -81.6684 -9.33455 18.0685 -16.2769 -2.6372 108.696 -20.8933 44.9645 -47.5515 -32.0422 25.7653 14.1309 304.804 81.3921 -8.50301 3.59614 -2.94702 -28.1957 19.8511 20.9911 3.42897 -44.5369 17.7207 27.6561 -342.816 140.446 145.775 467.541 -10.2018 1.08016 -17.0178 121.383 -1.63729 33.9674 75.9159 -29.9299 5.33967 26.9174 -4.62454 10.6597 0.808868 -322.087 -49.2457 30.4164 -24.9692 80.9847 -41.1913
